function y = f(p)
y = -0.000000670433507*p^2  + 0.000525084977752*p+   0.803447529877140;