A = [0.100267601303493 -0.0525014663431810
0.135362505728604 -0.0459654893365564
0.126933443606530 -0.0164012350510703
0.115293882173694 -0.0473205001143649
0.139683311317968 -0.0501011177695915
0.143195450367134 0.0122605442686863
0.106009774791485 -0.0168037897565408
0.118163138199935 -0.00666648250514589
0.110780653575040 0.0265235804271568
0.100737917234786 0.0156260544496707
0.126536424113384 0.0560221149798287
0.130698280785180 0.0684661165422064
0.104542664983812 0.0809424119400617
0.0726902879896738 0.0562442697844981
0.0637149247388668 0.0892398222314587
0.0853220620494712 0.0587256576192461
0.0641053278934059 0.0947081798114114
0.0540426146452954 0.106785289158448
0.0642233489137368 0.0773824972648639
0.0350076911071655 0.111209797092187
0.0575752186252200 0.139474771321149
0.0126290954650543 0.108504680216120
0.00349847022973863 0.112987536527351
0.0105711038041949 0.155177325738704
-0.0102810207109895 0.140100147985530
0.0305894017235263 0.124743038795609
0.0186284478675877 0.134335541069807
-0.0173374800758943 0.164502347969208
-0.0400122017295506 0.162977680067346
-0.0335834225808840 0.150519495750737
-0.0438278406773373 0.173784298945292
-0.0345953885966573 0.182458289569849
-0.0635677163520193 0.159022637074378
-0.0405818861039921 0.169202540121774
-0.0527891130200498 0.168094775301963
-0.0603092138248180 0.194748108368073
-0.106572021716591 0.157099440212529
-0.119891726239592 0.203801706866876
-0.0940989249650586 0.167363595210180
-0.144698032772901 0.179866876326964
-0.159434519297908 0.196417018620475
-0.146015734820454 0.189134524311375
-0.132834910083993 0.156211145302309
-0.172867395587399 0.187335748061479
-0.193854848542921 0.151202690306914
-0.211766599907447 0.197752526283055
-0.170091451059050 0.191328759522471
-0.199365119129387 0.165811645197576
-0.222213410804137 0.172067404952940
-0.214140822664785 0.185931958176438
-0.215512624668578 0.130509784136747
-0.251860997790970 0.163417827951663
-0.238942511928649 0.162858234955589
-0.276695845932721 0.154731684809285
-0.239602463560443 0.113577060960391
-0.262380455618860 0.121797461707344
-0.302793019604424 0.0905875818722080
-0.293697339739456 0.102574990330745
-0.289468524988789 0.0841848131601263
-0.278550398589779 0.0958968428628290
-0.309193942355570 0.0956952453943073
-0.309665221370501 0.101114961370419
-0.312388873911295 0.0707668589797037
-0.303505342893366 0.0692910517672390
-0.355052139807089 0.0844176064770470
-0.344861224975699 0.0741505640116930
-0.355087516529306 0.0440336650435923
-0.336475652845790 0.0563709794282264
-0.328576905148420 -0.00379063760949573
-0.356115327189969 0.0322631886597826
-0.340366743529895 -0.00564538741063073
-0.371908493540811 -0.0216241755498018
-0.360894413187727 0.00429001151502345
-0.372562268165067 -0.0339568582868362
-0.343688383714249 -0.0547917622629392
-0.358143770979545 -0.0729574893403541
-0.349822126123939 -0.0272893847258684
-0.393336391064242 -0.0537848133661400
-0.383204007322266 -0.0529678498497836
-0.353515524006840 -0.0582479249357490
-0.385827080066973 -0.0837505105693941
-0.395565518334062 -0.0794460419109608
-0.369838780380090 -0.128964105956146
-0.337849121293584 -0.101031682031104
-0.375974210376338 -0.108682708099617
-0.354766754663879 -0.155495771701691
-0.364247967067762 -0.178592840253556
-0.380703233598296 -0.146316315538511
-0.348409149249923 -0.196479292584203
-0.324568709628736 -0.166904266048153
-0.354047306608441 -0.192633432918573
-0.361878508037289 -0.189117407045915
-0.344545303997592 -0.226502649530425
-0.314056774268735 -0.213047594950611
-0.327977346511586 -0.214936421244042
-0.301897033254626 -0.259903925262516
-0.334105134733781 -0.240055452972030
-0.284924107698938 -0.222357013912615
-0.297379072167748 -0.275672884069141
-0.311400589636153 -0.262648154727971
-0.281353262796720 -0.256011103516970
-0.254789900987687 -0.283968058929749
-0.234305948705366 -0.250380189311949
-0.222139655356567 -0.271161175379960
-0.213559952965771 -0.305485551482142
-0.209975366956662 -0.289335212588093
-0.202818085453815 -0.274235106083386
-0.197541571095125 -0.297528078237609
-0.202986511362828 -0.289497670612192
-0.201700888643611 -0.284206470938609
-0.209630925383829 -0.290272082259436
-0.168298490585481 -0.335428344847537
-0.145963190943968 -0.334038327241760
-0.171474058532450 -0.337884423131229
-0.127628295490400 -0.346688626968460
-0.163836129157153 -0.348800171515015
-0.135368304936212 -0.314081776188499
-0.132007097436545 -0.313449799619478
-0.128926470738468 -0.294581296451970
-0.0902652793447816 -0.305026685606573
-0.0992012727673828 -0.329898372201677
-0.0507464573856505 -0.316762063098592
-0.0685488580119897 -0.329141751075382
-0.0444113533236343 -0.298403913030859
-0.0783191135006571 -0.332725423603294
-0.0332333013765817 -0.291940950102696
-0.0255661481044777 -0.284709797688673
-0.00245296851181924 -0.284803597794617
-0.00249863019152190 -0.305142315144786
0.0198228715332239 -0.285804165103858
0.0300100433770582 -0.287865952823912
-0.00646122214190621 -0.305561033396500
0.00428173125450494 -0.255530516108207
0.0482792519180897 -0.258225143471595
0.0123155252390966 -0.277151618583252
0.0396615132170281 -0.228522339341406
0.0416024960684403 -0.268866466045177
0.0747102721122029 -0.254810237522588
0.0436779492222656 -0.240772920306928
0.0914459988808117 -0.243627308241155
0.0970110968333145 -0.238233512837646
0.0878270794000305 -0.199494381203487
0.0765908466258044 -0.222637671377960
0.0708152910911313 -0.193570495703914
0.108928079105592 -0.198380235456279
0.0773284701063797 -0.179437889536288
0.0836765261597315 -0.142573610997107
0.0914692129480362 -0.175860041459249
0.114093997612083 -0.179336608807588
0.130382722297946 -0.115457499962721
0.144010623150724 -0.119396339545842
0.124763921481018 -0.119550424368215
0.0996057698713907 -0.109291370936644
0.116935511527647 -0.124543384023350
0.137633394319036 -0.0609595214130716
0.146950113500472 -0.0892548421397118
0.117347761318916 -0.0632817695214719
0.379647097515717 -0.0614002586252345
0.397881577085257 -0.0645688296012094
0.382685746530102 -0.0123937535394865
0.376571015503113 0.00526568870359465
0.360854505995832 0.00923618270753422
0.361534611077772 0.0167124782472926
0.379525822624179 0.0838695030300762
0.346759278173418 0.0554243132780597
0.347442760581728 0.0904281335775545
0.334523949996636 0.137099373387937
0.345257112013698 0.166779404797340
0.329850886009906 0.161630987533876
0.325478864590708 0.190771254398351
0.305729085928220 0.205005461086872
0.289377833644790 0.217239719283975
0.282662806695955 0.234449280180130
0.245906090317521 0.266819781549496
0.253842647226271 0.258021761453835
0.273989951944179 0.264725787116273
0.248765919679540 0.295404095896161
0.231178953356613 0.295397753861568
0.218352310580521 0.290136905199436
0.202267722976175 0.321104094721482
0.191437763754652 0.339566316931083
0.170554341287904 0.341721171850985
0.166129078208872 0.352545814265809
0.0967436810674985 0.383681171204894
0.0960953748434208 0.379190363603298
0.0837673594924505 0.385807952149335
0.0513156132273566 0.369505219697132
0.0193368368407719 0.386295498951418
0.0566033158446816 0.404403969159148
0.0225105750076566 0.421370129571270
-0.0316187666303336 0.430428396403566
-0.0512198377212044 0.451407595962523
-0.0375447511302303 0.450983972374145
-0.0768275219623830 0.402995944672121
-0.115035872740353 0.456288634618542
-0.114952165516496 0.409659621623729
-0.151021813205498 0.458135112803455
-0.131649339625237 0.434944387104889
-0.143705628511081 0.411955302052513
-0.219094098803580 0.399381111766744
-0.200120592939383 0.409995446343507
-0.218014262677533 0.436848150425081
-0.262938083606404 0.387899788368698
-0.246788821726377 0.399054144152815
-0.298730596387592 0.379430618109544
-0.333478792626487 0.373970635322010
-0.347918173555825 0.360435503767655
-0.323744109495305 0.390313479309319
-0.346679114506107 0.344170933324307
-0.359721999121444 0.366066149191139
-0.386243474098894 0.328875690392725
-0.390668503973189 0.346254510097211
